Exact Compressor 

Result Array : [[0, 0, 0, 0, 0, 0, 0, 0, 0, 0, 0, 0, 0, 0, 0, 0, 1, 1, 1, 1, 0, 1, 0, 1, 0, 0, 0, 0, 1, 1, 1, 0], [0, 0, 0, 0, 0, 0, 0, 0, 0, 0, 0, 0, 0, 0, 1, 1, 1, 1, 0, 1, 0, 1, 0, 0, 0, 0, 1, 1, 1, 0, None, None], [0, 0, 0, 0, 0, 0, 0, 0, 0, 0, 0, 0, 0, 0, 0, 0, 0, 0, 0, 0, 0, 0, 0, 0, 0, 0, 0, 0, None, None, None, None], [0, 0, 0, 0, 0, 0, 0, 0, 0, 0, 0, 0, 0, 0, 0, 0, 0, 0, 0, 0, 0, 0, 0, 0, 0, 0, None, None, None, None, None, None], [0, 0, 0, 0, 0, 0, 0, 0, 1, 1, 1, 1, 0, 1, 0, 1, 0, 0, 0, 0, 1, 1, 1, 0, None, None, None, None, None, None, None, None], [0, 0, 0, 0, 0, 0, 1, 1, 1, 1, 0, 1, 0, 1, 0, 0, 0, 0, 1, 1, 1, 0, None, None, None, None, None, None, None, None, None, None], [0, 0, 0, 0, 0, 0, 0, 0, 0, 0, 0, 0, 0, 0, 0, 0, 0, 0, 0, 0, None, None, None, None, None, None, None, None, None, None, None, None], [0, 0, 1, 1, 1, 1, 0, 1, 0, 1, 0, 0, 0, 0, 1, 1, 1, 0, None, None, None, None, None, None, None, None, None, None, None, None, None, None]]
Columns Array : [[0, None, None, None, None, None, None, None], [1, None, None, None, None, None, None, None], [1, 0, None, None, None, None, None, None], [1, 1, None, None, None, None, None, None], [0, 1, 0, None, None, None, None, None], [0, 1, 0, None, None, None, None, None], [0, 0, 0, 0, None, None, None, None], [0, 0, 0, 0, None, None, None, None], [1, 0, 0, 0, 0, None, None, None], [0, 0, 0, 0, 1, None, None, None], [1, 1, 0, 0, 1, 0, None, None], [0, 0, 0, 0, 1, 1, None, None], [1, 1, 0, 0, 0, 1, 0, None], [1, 0, 0, 0, 0, 1, 0, None], [1, 1, 0, 0, 0, 0, 0, 0], [1, 1, 0, 0, 0, 0, 0, 1], [0, 1, 0, 0, 1, 0, 0, 1], [0, 1, 0, 0, 0, 0, 0, 1], [0, 0, 0, 0, 1, 1, 0, 0], [0, 0, 0, 0, 0, 0, 0, 0], [0, 0, 0, 0, 1, 1, 0, 0], [0, 0, 0, 0, 1, 0, 0, 0], [0, 0, 0, 0, 1, 1, 0, 1], [0, 0, 0, 0, 1, 1, 0, 0], [0, 0, 0, 0, 0, 1, 0, 1], [0, 0, 0, 0, 0, 1, 0, 0], [0, 0, 0, 0, 0, 0, 0, 1], [0, 0, 0, 0, 0, 0, 0, 1], [0, 0, 0, 0, 0, 0, 0, 1], [0, 0, 0, 0, 0, 0, 0, 1], [0, 0, 0, 0, 0, 0, 0, 0], [0, 0, 0, 0, 0, 0, 0, 0]]
Splitted Columns Array : [[[0, None, None, None], [None, None, None, None]], [[1, None, None, None], [None, None, None, None]], [[1, 0, None, None], [None, None, None, None]], [[1, 1, None, None], [None, None, None, None]], [[0, 1, 0, None], [None, None, None, None]], [[0, 1, 0, None], [None, None, None, None]], [[0, 0, 0, 0], [None, None, None, None]], [[0, 0, 0, 0], [None, None, None, None]], [[1, 0, 0, 0], [0, None, None, None]], [[0, 0, 0, 0], [1, None, None, None]], [[1, 1, 0, 0], [1, 0, None, None]], [[0, 0, 0, 0], [1, 1, None, None]], [[1, 1, 0, 0], [0, 1, 0, None]], [[1, 0, 0, 0], [0, 1, 0, None]], [[1, 1, 0, 0], [0, 0, 0, 0]], [[1, 1, 0, 0], [0, 0, 0, 1]], [[0, 1, 0, 0], [1, 0, 0, 1]], [[0, 1, 0, 0], [0, 0, 0, 1]], [[0, 0, 0, 0], [1, 1, 0, 0]], [[0, 0, 0, 0], [0, 0, 0, 0]], [[0, 0, 0, 0], [1, 1, 0, 0]], [[0, 0, 0, 0], [1, 0, 0, 0]], [[0, 0, 0, 0], [1, 1, 0, 1]], [[0, 0, 0, 0], [1, 1, 0, 0]], [[0, 0, 0, 0], [0, 1, 0, 1]], [[0, 0, 0, 0], [0, 1, 0, 0]], [[0, 0, 0, 0], [0, 0, 0, 1]], [[0, 0, 0, 0], [0, 0, 0, 1]], [[0, 0, 0, 0], [0, 0, 0, 1]], [[0, 0, 0, 0], [0, 0, 0, 1]], [[0, 0, 0, 0], [0, 0, 0, 0]], [[0, 0, 0, 0], [0, 0, 0, 0]]]
[0, 1, 0, None]
[0, 0, 0, 0]
[0, 1, 0, None]
[0, 0, 0, 0]
Half Adder Pairs : [[[0, 1, 0, None], [0, 1, 0, None], [0, 0, 0, 0], [4, 0]], [[0, 1, 0, None], [0, 1, 0, None], [0, 0, 0, 0], [12, 1]]]
Exact Compressor Columns : [[[0, 0, 0, 0], [0, 0, 0, 0], [6, 0]], [[0, 0, 0, 0], [1, 0, 0, 0], [7, 0]], [[1, 0, 0, 0], [0, 0, 0, 0], [8, 0]], [[0, 0, 0, 0], [1, 1, 0, 0], [9, 0]], [[1, 1, 0, 0], [0, 0, 0, 0], [10, 0]], [[0, 0, 0, 0], [1, 1, 0, 0], [11, 0]], [[1, 1, 0, 0], [1, 0, 0, 0], [12, 0]], [[1, 0, 0, 0], [1, 1, 0, 0], [13, 0]], [[1, 1, 0, 0], [1, 1, 0, 0], [14, 0]], [[0, 0, 0, 0], [0, 0, 0, 1], [14, 1]], [[1, 1, 0, 0], [0, 1, 0, 0], [15, 0]], [[0, 0, 0, 1], [1, 0, 0, 1], [15, 1]], [[0, 1, 0, 0], [0, 1, 0, 0], [16, 0]], [[1, 0, 0, 1], [0, 0, 0, 1], [16, 1]], [[0, 1, 0, 0], [0, 0, 0, 0], [17, 0]], [[0, 0, 0, 1], [1, 1, 0, 0], [17, 1]], [[0, 0, 0, 0], [0, 0, 0, 0], [18, 0]], [[1, 1, 0, 0], [0, 0, 0, 0], [18, 1]], [[0, 0, 0, 0], [0, 0, 0, 0], [19, 0]], [[0, 0, 0, 0], [1, 1, 0, 0], [19, 1]], [[0, 0, 0, 0], [0, 0, 0, 0], [20, 0]], [[1, 1, 0, 0], [1, 0, 0, 0], [20, 1]], [[0, 0, 0, 0], [0, 0, 0, 0], [21, 0]], [[1, 0, 0, 0], [1, 1, 0, 1], [21, 1]], [[0, 0, 0, 0], [0, 0, 0, 0], [22, 0]], [[1, 1, 0, 1], [1, 1, 0, 0], [22, 1]], [[0, 0, 0, 0], [0, 0, 0, 0], [23, 0]], [[1, 1, 0, 0], [0, 1, 0, 1], [23, 1]], [[0, 0, 0, 0], [0, 0, 0, 0], [24, 0]], [[0, 1, 0, 1], [0, 1, 0, 0], [24, 1]], [[0, 0, 0, 0], [0, 0, 0, 0], [25, 0]], [[0, 1, 0, 0], [0, 0, 0, 1], [25, 1]], [[0, 0, 0, 0], [0, 0, 0, 0], [26, 0]], [[0, 0, 0, 1], [0, 0, 0, 1], [26, 1]], [[0, 0, 0, 0], [0, 0, 0, 0], [27, 0]], [[0, 0, 0, 1], [0, 0, 0, 1], [27, 1]], [[0, 0, 0, 0], [0, 0, 0, 0], [28, 0]], [[0, 0, 0, 1], [0, 0, 0, 1], [28, 1]], [[0, 0, 0, 0], [0, 0, 0, 0], [29, 0]], [[0, 0, 0, 1], [0, 0, 0, 0], [29, 1]], [[0, 0, 0, 0], [0, 0, 0, 0], [30, 0]], [[0, 0, 0, 0], [0, 0, 0, 0], [30, 1]], [[0, 0, 0, 0], [None, None, None, None], [31, 0]], [[0, 0, 0, 0], [None, None, None, None], [31, 1]]]
result : {(0, 0): [0, None], (1, 0): [1, None], (2, 0): [1, 0], (3, 0): [1, 1], (4, 0): [1, 0], (5, 0): [1, 0], (6, 0): [0, 1], (7, 0): [1, 1], (8, 0): [1, 1], (8, 1): [0, None], (9, 0): [1, 1], (10, 0): [1, 1], (9, 1): [1, None], (10, 1): [1, 0], (11, 0): [1, 1], (12, 0): [1, 1], (11, 1): [1, 1], (12, 1): [1, 0], (13, 1): [1, 0], (14, 1): [0, 1], (13, 0): [1, 1], (14, 0): [1, 1], (15, 0): [1, 1], (16, 0): [1, 1], (15, 1): [1, 1], (16, 1): [1, 1], (17, 0): [1, 1], (18, 0): [1, 1], (17, 1): [1, 1], (18, 1): [1, 1], (19, 0): [1, 1], (20, 0): [1, 1], (19, 1): [1, 1], (20, 1): [1, 1], (21, 0): [1, 1], (22, 0): [1, 1], (21, 1): [1, 1], (22, 1): [1, 1], (23, 0): [1, 1], (24, 0): [1, 1], (23, 1): [1, 1], (24, 1): [1, 1], (25, 0): [1, 1], (26, 0): [1, 1], (25, 1): [1, 1], (26, 1): [1, 1], (27, 0): [1, 1], (28, 0): [1, 1], (27, 1): [1, 1], (28, 1): [1, 1], (29, 0): [1, 1], (30, 0): [1, 1], (29, 1): [1, 1], (30, 1): [1, 1], (31, 0): [1, 1], (31, 1): [1, 1]}
splitted_columns_array_final : [[0, None, None, None], [1, None, None, None], [1, 0, None, None], [1, 1, None, None], [1, 0, None, None], [1, 0, None, None], [0, 1, None, None], [1, 1, None, None], [1, 1, 0, None], [1, 1, 1, None], [1, 1, 1, 0], [1, 1, 1, 1], [1, 1, 1, 0], [1, 1, 1, 0], [1, 1, 0, 1], [1, 1, 1, 1], [1, 1, 1, 1], [1, 1, 1, 1], [1, 1, 1, 1], [1, 1, 1, 1], [1, 1, 1, 1], [1, 1, 1, 1], [1, 1, 1, 1], [1, 1, 1, 1], [1, 1, 1, 1], [1, 1, 1, 1], [1, 1, 1, 1], [1, 1, 1, 1], [1, 1, 1, 1], [1, 1, 1, 1], [1, 1, 1, 1], [1, 1, 1, 1]] 
half_adder_pairs : [[[1, 1, 0, None], [1, 1, 1, None], [1, 1, 1, 0], [8, 9, 10]]] 
exact_compressor_pairs : [[[1, 1, 1, 0], [1, 1, 1, 1], 10], [[1, 1, 1, 1], [1, 1, 1, 0], 11], [[1, 1, 1, 0], [1, 1, 1, 0], 12], [[1, 1, 1, 0], [1, 1, 0, 1], 13], [[1, 1, 0, 1], [1, 1, 1, 1], 14], [[1, 1, 1, 1], [1, 1, 1, 1], 15], [[1, 1, 1, 1], [1, 1, 1, 1], 16], [[1, 1, 1, 1], [1, 1, 1, 1], 17], [[1, 1, 1, 1], [1, 1, 1, 1], 18], [[1, 1, 1, 1], [1, 1, 1, 1], 19], [[1, 1, 1, 1], [1, 1, 1, 1], 20], [[1, 1, 1, 1], [1, 1, 1, 1], 21], [[1, 1, 1, 1], [1, 1, 1, 1], 22], [[1, 1, 1, 1], [1, 1, 1, 1], 23], [[1, 1, 1, 1], [1, 1, 1, 1], 24], [[1, 1, 1, 1], [1, 1, 1, 1], 25], [[1, 1, 1, 1], [1, 1, 1, 1], 26], [[1, 1, 1, 1], [1, 1, 1, 1], 27], [[1, 1, 1, 1], [1, 1, 1, 1], 28], [[1, 1, 1, 1], [1, 1, 1, 1], 29], [[1, 1, 1, 1], [1, 1, 1, 1], 30], [[1, 1, 1, 1], None, 31]] 
result_final{0: [0, None], 1: [1, None], 2: [1, 0], 3: [1, 1], 4: [1, 0], 5: [1, 0], 6: [0, 1], 7: [1, 1], 8: [0, 0], 9: [1, 1], 10: [1, 1], 11: [1, 1], 12: [1, 1], 13: [1, 1], 14: [1, 1], 15: [1, 1], 16: [1, 1], 17: [1, 1], 18: [1, 1], 19: [1, 1], 20: [1, 1], 21: [1, 1], 22: [1, 1], 23: [1, 1], 24: [1, 1], 25: [1, 1], 26: [1, 1], 27: [1, 1], 28: [1, 1], 29: [1, 1], 30: [1, 1], 31: [1, 1]}
Final bits : [0, 1, 1, 1, 1, 1, 1, 1, 0, 1, 1, 1, 1, 1, 1, 1, 1, 1, 1, 1, 1, 1, 1, 1, 1, 1, 1, 1, 1, 1, 1, 1]
Final bit array as int : 1111111011111111111111111111111
Final bit array as decimal : 2139095039
Length of splitted columns array : 32



Approximate Compressor

Result Array : [[0, 0, 0, 0, 0, 0, 0, 0, 0, 0, 0, 0, 0, 0, 0, 0, 1, 1, 1, 1, 0, 1, 0, 1, 0, 0, 0, 0, 1, 1, 1, 0], [0, 0, 0, 0, 0, 0, 0, 0, 0, 0, 0, 0, 0, 0, 1, 1, 1, 1, 0, 1, 0, 1, 0, 0, 0, 0, 1, 1, 1, 0, None, None], [0, 0, 0, 0, 0, 0, 0, 0, 0, 0, 0, 0, 0, 0, 0, 0, 0, 0, 0, 0, 0, 0, 0, 0, 0, 0, 0, 0, None, None, None, None], [0, 0, 0, 0, 0, 0, 0, 0, 0, 0, 0, 0, 0, 0, 0, 0, 0, 0, 0, 0, 0, 0, 0, 0, 0, 0, None, None, None, None, None, None], [0, 0, 0, 0, 0, 0, 0, 0, 1, 1, 1, 1, 0, 1, 0, 1, 0, 0, 0, 0, 1, 1, 1, 0, None, None, None, None, None, None, None, None], [0, 0, 0, 0, 0, 0, 1, 1, 1, 1, 0, 1, 0, 1, 0, 0, 0, 0, 1, 1, 1, 0, None, None, None, None, None, None, None, None, None, None], [0, 0, 0, 0, 0, 0, 0, 0, 0, 0, 0, 0, 0, 0, 0, 0, 0, 0, 0, 0, None, None, None, None, None, None, None, None, None, None, None, None], [0, 0, 1, 1, 1, 1, 0, 1, 0, 1, 0, 0, 0, 0, 1, 1, 1, 0, None, None, None, None, None, None, None, None, None, None, None, None, None, None]]
Columns Array : [[0, None, None, None, None, None, None, None], [1, None, None, None, None, None, None, None], [1, 0, None, None, None, None, None, None], [1, 1, None, None, None, None, None, None], [0, 1, 0, None, None, None, None, None], [0, 1, 0, None, None, None, None, None], [0, 0, 0, 0, None, None, None, None], [0, 0, 0, 0, None, None, None, None], [1, 0, 0, 0, 0, None, None, None], [0, 0, 0, 0, 1, None, None, None], [1, 1, 0, 0, 1, 0, None, None], [0, 0, 0, 0, 1, 1, None, None], [1, 1, 0, 0, 0, 1, 0, None], [1, 0, 0, 0, 0, 1, 0, None], [1, 1, 0, 0, 0, 0, 0, 0], [1, 1, 0, 0, 0, 0, 0, 1], [0, 1, 0, 0, 1, 0, 0, 1], [0, 1, 0, 0, 0, 0, 0, 1], [0, 0, 0, 0, 1, 1, 0, 0], [0, 0, 0, 0, 0, 0, 0, 0], [0, 0, 0, 0, 1, 1, 0, 0], [0, 0, 0, 0, 1, 0, 0, 0], [0, 0, 0, 0, 1, 1, 0, 1], [0, 0, 0, 0, 1, 1, 0, 0], [0, 0, 0, 0, 0, 1, 0, 1], [0, 0, 0, 0, 0, 1, 0, 0], [0, 0, 0, 0, 0, 0, 0, 1], [0, 0, 0, 0, 0, 0, 0, 1], [0, 0, 0, 0, 0, 0, 0, 1], [0, 0, 0, 0, 0, 0, 0, 1], [0, 0, 0, 0, 0, 0, 0, 0], [0, 0, 0, 0, 0, 0, 0, 0]]
Splitted Columns Array : [[[0, None, None, None], [None, None, None, None]], [[1, None, None, None], [None, None, None, None]], [[1, 0, None, None], [None, None, None, None]], [[1, 1, None, None], [None, None, None, None]], [[0, 1, 0, None], [None, None, None, None]], [[0, 1, 0, None], [None, None, None, None]], [[0, 0, 0, 0], [None, None, None, None]], [[0, 0, 0, 0], [None, None, None, None]], [[1, 0, 0, 0], [0, None, None, None]], [[0, 0, 0, 0], [1, None, None, None]], [[1, 1, 0, 0], [1, 0, None, None]], [[0, 0, 0, 0], [1, 1, None, None]], [[1, 1, 0, 0], [0, 1, 0, None]], [[1, 0, 0, 0], [0, 1, 0, None]], [[1, 1, 0, 0], [0, 0, 0, 0]], [[1, 1, 0, 0], [0, 0, 0, 1]], [[0, 1, 0, 0], [1, 0, 0, 1]], [[0, 1, 0, 0], [0, 0, 0, 1]], [[0, 0, 0, 0], [1, 1, 0, 0]], [[0, 0, 0, 0], [0, 0, 0, 0]], [[0, 0, 0, 0], [1, 1, 0, 0]], [[0, 0, 0, 0], [1, 0, 0, 0]], [[0, 0, 0, 0], [1, 1, 0, 1]], [[0, 0, 0, 0], [1, 1, 0, 0]], [[0, 0, 0, 0], [0, 1, 0, 1]], [[0, 0, 0, 0], [0, 1, 0, 0]], [[0, 0, 0, 0], [0, 0, 0, 1]], [[0, 0, 0, 0], [0, 0, 0, 1]], [[0, 0, 0, 0], [0, 0, 0, 1]], [[0, 0, 0, 0], [0, 0, 0, 1]], [[0, 0, 0, 0], [0, 0, 0, 0]], [[0, 0, 0, 0], [0, 0, 0, 0]]]
[0, 1, 0, None]
[0, 0, 0, 0]
[0, 1, 0, None]
[0, 0, 0, 0]
Half Adder Pairs : [[[0, 1, 0, None], [0, 1, 0, None], [0, 0, 0, 0], [4, 0]], [[0, 1, 0, None], [0, 1, 0, None], [0, 0, 0, 0], [12, 1]]]
Exact Compressor Columns : [[[0, 0, 0, 0], [0, 0, 0, 0], [6, 0]], [[0, 0, 0, 0], [1, 0, 0, 0], [7, 0]], [[1, 0, 0, 0], [0, 0, 0, 0], [8, 0]], [[0, 0, 0, 0], [1, 1, 0, 0], [9, 0]], [[1, 1, 0, 0], [0, 0, 0, 0], [10, 0]], [[0, 0, 0, 0], [1, 1, 0, 0], [11, 0]], [[1, 1, 0, 0], [1, 0, 0, 0], [12, 0]], [[1, 0, 0, 0], [1, 1, 0, 0], [13, 0]], [[1, 1, 0, 0], [1, 1, 0, 0], [14, 0]], [[0, 0, 0, 0], [0, 0, 0, 1], [14, 1]], [[1, 1, 0, 0], [0, 1, 0, 0], [15, 0]], [[0, 0, 0, 1], [1, 0, 0, 1], [15, 1]], [[0, 1, 0, 0], [0, 1, 0, 0], [16, 0]], [[1, 0, 0, 1], [0, 0, 0, 1], [16, 1]], [[0, 1, 0, 0], [0, 0, 0, 0], [17, 0]], [[0, 0, 0, 1], [1, 1, 0, 0], [17, 1]], [[0, 0, 0, 0], [0, 0, 0, 0], [18, 0]], [[1, 1, 0, 0], [0, 0, 0, 0], [18, 1]], [[0, 0, 0, 0], [0, 0, 0, 0], [19, 0]], [[0, 0, 0, 0], [1, 1, 0, 0], [19, 1]], [[0, 0, 0, 0], [0, 0, 0, 0], [20, 0]], [[1, 1, 0, 0], [1, 0, 0, 0], [20, 1]], [[0, 0, 0, 0], [0, 0, 0, 0], [21, 0]], [[1, 0, 0, 0], [1, 1, 0, 1], [21, 1]], [[0, 0, 0, 0], [0, 0, 0, 0], [22, 0]], [[1, 1, 0, 1], [1, 1, 0, 0], [22, 1]], [[0, 0, 0, 0], [0, 0, 0, 0], [23, 0]], [[1, 1, 0, 0], [0, 1, 0, 1], [23, 1]], [[0, 0, 0, 0], [0, 0, 0, 0], [24, 0]], [[0, 1, 0, 1], [0, 1, 0, 0], [24, 1]], [[0, 0, 0, 0], [0, 0, 0, 0], [25, 0]], [[0, 1, 0, 0], [0, 0, 0, 1], [25, 1]], [[0, 0, 0, 0], [0, 0, 0, 0], [26, 0]], [[0, 0, 0, 1], [0, 0, 0, 1], [26, 1]], [[0, 0, 0, 0], [0, 0, 0, 0], [27, 0]], [[0, 0, 0, 1], [0, 0, 0, 1], [27, 1]], [[0, 0, 0, 0], [0, 0, 0, 0], [28, 0]], [[0, 0, 0, 1], [0, 0, 0, 1], [28, 1]], [[0, 0, 0, 0], [0, 0, 0, 0], [29, 0]], [[0, 0, 0, 1], [0, 0, 0, 0], [29, 1]], [[0, 0, 0, 0], [0, 0, 0, 0], [30, 0]], [[0, 0, 0, 0], [0, 0, 0, 0], [30, 1]], [[0, 0, 0, 0], [None, None, None, None], [31, 0]], [[0, 0, 0, 0], [None, None, None, None], [31, 1]]]
result : {(0, 0): [0, None], (1, 0): [1, None], (2, 0): [1, 0], (3, 0): [1, 1], (4, 0): [1, 0], (5, 0): [1, 0], (6, 0): [1, 0], (7, 0): [1, 0], (8, 0): [1, 0], (8, 1): [0, None], (9, 0): [1, 0], (10, 0): [1, 0], (9, 1): [1, None], (10, 1): [1, 0], (11, 0): [1, 0], (12, 0): [1, 0], (11, 1): [1, 1], (12, 1): [1, 0], (13, 1): [1, 0], (14, 1): [1, 0], (13, 0): [1, 0], (14, 0): [1, 0], (15, 0): [1, 0], (16, 0): [1, 0], (15, 1): [1, 0], (16, 1): [0, 0], (17, 0): [1, 0], (18, 0): [1, 0], (17, 1): [1, 0], (18, 1): [1, 0], (19, 0): [1, 0], (20, 0): [1, 0], (19, 1): [1, 0], (20, 1): [1, 0], (21, 0): [1, 0], (22, 0): [1, 0], (21, 1): [1, 0], (22, 1): [1, 0], (23, 0): [1, 0], (24, 0): [1, 0], (23, 1): [1, 0], (24, 1): [0, 0], (25, 0): [1, 0], (26, 0): [1, 0], (25, 1): [1, 0], (26, 1): [1, 0], (27, 0): [1, 0], (28, 0): [1, 0], (27, 1): [1, 0], (28, 1): [1, 0], (29, 0): [1, 0], (30, 0): [1, 0], (29, 1): [1, 0], (30, 1): [1, 0], (31, 0): [1, 0], (31, 1): [1, 0]}
splitted_columns_array_final : [[0, None, None, None], [1, None, None, None], [1, 0, None, None], [1, 1, None, None], [1, 0, None, None], [1, 0, None, None], [1, 0, None, None], [1, 0, None, None], [1, 0, 0, None], [1, 0, 1, None], [1, 0, 1, 0], [1, 0, 1, 1], [1, 0, 1, 0], [1, 0, 1, 0], [1, 0, 1, 0], [1, 0, 1, 0], [1, 0, 0, 0], [1, 0, 1, 0], [1, 0, 1, 0], [1, 0, 1, 0], [1, 0, 1, 0], [1, 0, 1, 0], [1, 0, 1, 0], [1, 0, 1, 0], [1, 0, 0, 0], [1, 0, 1, 0], [1, 0, 1, 0], [1, 0, 1, 0], [1, 0, 1, 0], [1, 0, 1, 0], [1, 0, 1, 0], [1, 0, 1, 0]] 
half_adder_pairs : [[[1, 0, 0, None], [1, 0, 1, None], [1, 0, 1, 0], [8, 9, 10]]] 
exact_compressor_pairs : [[[1, 0, 1, 0], [1, 0, 1, 1], 10], [[1, 0, 1, 1], [1, 0, 1, 0], 11], [[1, 0, 1, 0], [1, 0, 1, 0], 12], [[1, 0, 1, 0], [1, 0, 1, 0], 13], [[1, 0, 1, 0], [1, 0, 1, 0], 14], [[1, 0, 1, 0], [1, 0, 0, 0], 15], [[1, 0, 0, 0], [1, 0, 1, 0], 16], [[1, 0, 1, 0], [1, 0, 1, 0], 17], [[1, 0, 1, 0], [1, 0, 1, 0], 18], [[1, 0, 1, 0], [1, 0, 1, 0], 19], [[1, 0, 1, 0], [1, 0, 1, 0], 20], [[1, 0, 1, 0], [1, 0, 1, 0], 21], [[1, 0, 1, 0], [1, 0, 1, 0], 22], [[1, 0, 1, 0], [1, 0, 0, 0], 23], [[1, 0, 0, 0], [1, 0, 1, 0], 24], [[1, 0, 1, 0], [1, 0, 1, 0], 25], [[1, 0, 1, 0], [1, 0, 1, 0], 26], [[1, 0, 1, 0], [1, 0, 1, 0], 27], [[1, 0, 1, 0], [1, 0, 1, 0], 28], [[1, 0, 1, 0], [1, 0, 1, 0], 29], [[1, 0, 1, 0], [1, 0, 1, 0], 30], [[1, 0, 1, 0], None, 31]] 
result_final{0: [0, None], 1: [1, None], 2: [1, 0], 3: [1, 1], 4: [1, 0], 5: [1, 0], 6: [1, 0], 7: [1, 0], 8: [1, 0], 9: [1, 1], 10: [0, 0], 11: [0, 0], 12: [0, 0], 13: [0, 0], 14: [0, 0], 15: [1, 0], 16: [0, 0], 17: [0, 0], 18: [0, 0], 19: [0, 0], 20: [0, 0], 21: [0, 0], 22: [0, 0], 23: [1, 0], 24: [0, 0], 25: [0, 0], 26: [0, 0], 27: [0, 0], 28: [0, 0], 29: [0, 0], 30: [0, 0], 31: [0, 0]}
Final bits : [0, 1, 1, 1, 1, 1, 1, 1, 1, 1, 0, 0, 0, 0, 0, 1, 0, 0, 0, 0, 0, 0, 0, 1, 0, 0, 0, 0, 0, 0, 0, 0]
Final bit array as int : 1111111110000010000000100000000
Final bit array as decimal : 2143355136
Length of splitted columns array : 32




Approximate Compressor in 7 and 8 bits 

Result Array : [[0, 0, 0, 0, 0, 0, 0, 0, 0, 0, 0, 0, 0, 0, 0, 0, 1, 1, 1, 1, 0, 1, 0, 1, 0, 0, 0, 0, 1, 1, 1, 0], [0, 0, 0, 0, 0, 0, 0, 0, 0, 0, 0, 0, 0, 0, 1, 1, 1, 1, 0, 1, 0, 1, 0, 0, 0, 0, 1, 1, 1, 0, None, None], [0, 0, 0, 0, 0, 0, 0, 0, 0, 0, 0, 0, 0, 0, 0, 0, 0, 0, 0, 0, 0, 0, 0, 0, 0, 0, 0, 0, None, None, None, None], [0, 0, 0, 0, 0, 0, 0, 0, 0, 0, 0, 0, 0, 0, 0, 0, 0, 0, 0, 0, 0, 0, 0, 0, 0, 0, None, None, None, None, None, None], [0, 0, 0, 0, 0, 0, 0, 0, 1, 1, 1, 1, 0, 1, 0, 1, 0, 0, 0, 0, 1, 1, 1, 0, None, None, None, None, None, None, None, None], [0, 0, 0, 0, 0, 0, 1, 1, 1, 1, 0, 1, 0, 1, 0, 0, 0, 0, 1, 1, 1, 0, None, None, None, None, None, None, None, None, None, None], [0, 0, 0, 0, 0, 0, 0, 0, 0, 0, 0, 0, 0, 0, 0, 0, 0, 0, 0, 0, None, None, None, None, None, None, None, None, None, None, None, None], [0, 0, 1, 1, 1, 1, 0, 1, 0, 1, 0, 0, 0, 0, 1, 1, 1, 0, None, None, None, None, None, None, None, None, None, None, None, None, None, None]]
Columns Array : [[0, None, None, None, None, None, None, None], [1, None, None, None, None, None, None, None], [1, 0, None, None, None, None, None, None], [1, 1, None, None, None, None, None, None], [0, 1, 0, None, None, None, None, None], [0, 1, 0, None, None, None, None, None], [0, 0, 0, 0, None, None, None, None], [0, 0, 0, 0, None, None, None, None], [1, 0, 0, 0, 0, None, None, None], [0, 0, 0, 0, 1, None, None, None], [1, 1, 0, 0, 1, 0, None, None], [0, 0, 0, 0, 1, 1, None, None], [1, 1, 0, 0, 0, 1, 0, None], [1, 0, 0, 0, 0, 1, 0, None], [1, 1, 0, 0, 0, 0, 0, 0], [1, 1, 0, 0, 0, 0, 0, 1], [0, 1, 0, 0, 1, 0, 0, 1], [0, 1, 0, 0, 0, 0, 0, 1], [0, 0, 0, 0, 1, 1, 0, 0], [0, 0, 0, 0, 0, 0, 0, 0], [0, 0, 0, 0, 1, 1, 0, 0], [0, 0, 0, 0, 1, 0, 0, 0], [0, 0, 0, 0, 1, 1, 0, 1], [0, 0, 0, 0, 1, 1, 0, 0], [0, 0, 0, 0, 0, 1, 0, 1], [0, 0, 0, 0, 0, 1, 0, 0], [0, 0, 0, 0, 0, 0, 0, 1], [0, 0, 0, 0, 0, 0, 0, 1], [0, 0, 0, 0, 0, 0, 0, 1], [0, 0, 0, 0, 0, 0, 0, 1], [0, 0, 0, 0, 0, 0, 0, 0], [0, 0, 0, 0, 0, 0, 0, 0]]
Splitted Columns Array : [[[0, None, None, None], [None, None, None, None]], [[1, None, None, None], [None, None, None, None]], [[1, 0, None, None], [None, None, None, None]], [[1, 1, None, None], [None, None, None, None]], [[0, 1, 0, None], [None, None, None, None]], [[0, 1, 0, None], [None, None, None, None]], [[0, 0, 0, 0], [None, None, None, None]], [[0, 0, 0, 0], [None, None, None, None]], [[1, 0, 0, 0], [0, None, None, None]], [[0, 0, 0, 0], [1, None, None, None]], [[1, 1, 0, 0], [1, 0, None, None]], [[0, 0, 0, 0], [1, 1, None, None]], [[1, 1, 0, 0], [0, 1, 0, None]], [[1, 0, 0, 0], [0, 1, 0, None]], [[1, 1, 0, 0], [0, 0, 0, 0]], [[1, 1, 0, 0], [0, 0, 0, 1]], [[0, 1, 0, 0], [1, 0, 0, 1]], [[0, 1, 0, 0], [0, 0, 0, 1]], [[0, 0, 0, 0], [1, 1, 0, 0]], [[0, 0, 0, 0], [0, 0, 0, 0]], [[0, 0, 0, 0], [1, 1, 0, 0]], [[0, 0, 0, 0], [1, 0, 0, 0]], [[0, 0, 0, 0], [1, 1, 0, 1]], [[0, 0, 0, 0], [1, 1, 0, 0]], [[0, 0, 0, 0], [0, 1, 0, 1]], [[0, 0, 0, 0], [0, 1, 0, 0]], [[0, 0, 0, 0], [0, 0, 0, 1]], [[0, 0, 0, 0], [0, 0, 0, 1]], [[0, 0, 0, 0], [0, 0, 0, 1]], [[0, 0, 0, 0], [0, 0, 0, 1]], [[0, 0, 0, 0], [0, 0, 0, 0]], [[0, 0, 0, 0], [0, 0, 0, 0]]]
[0, 1, 0, None]
[0, 0, 0, 0]
[0, 1, 0, None]
[0, 0, 0, 0]
Half Adder Pairs : [[[0, 1, 0, None], [0, 1, 0, None], [0, 0, 0, 0], [4, 0]], [[0, 1, 0, None], [0, 1, 0, None], [0, 0, 0, 0], [12, 1]]]
Exact Compressor Columns : [[[0, 0, 0, 0], [0, 0, 0, 0], [6, 0]], [[0, 0, 0, 0], [1, 0, 0, 0], [7, 0]], [[1, 0, 0, 0], [0, 0, 0, 0], [8, 0]], [[0, 0, 0, 0], [1, 1, 0, 0], [9, 0]], [[1, 1, 0, 0], [0, 0, 0, 0], [10, 0]], [[0, 0, 0, 0], [1, 1, 0, 0], [11, 0]], [[1, 1, 0, 0], [1, 0, 0, 0], [12, 0]], [[1, 0, 0, 0], [1, 1, 0, 0], [13, 0]], [[1, 1, 0, 0], [1, 1, 0, 0], [14, 0]], [[0, 0, 0, 0], [0, 0, 0, 1], [14, 1]], [[1, 1, 0, 0], [0, 1, 0, 0], [15, 0]], [[0, 0, 0, 1], [1, 0, 0, 1], [15, 1]], [[0, 1, 0, 0], [0, 1, 0, 0], [16, 0]], [[1, 0, 0, 1], [0, 0, 0, 1], [16, 1]], [[0, 1, 0, 0], [0, 0, 0, 0], [17, 0]], [[0, 0, 0, 1], [1, 1, 0, 0], [17, 1]], [[0, 0, 0, 0], [0, 0, 0, 0], [18, 0]], [[1, 1, 0, 0], [0, 0, 0, 0], [18, 1]], [[0, 0, 0, 0], [0, 0, 0, 0], [19, 0]], [[0, 0, 0, 0], [1, 1, 0, 0], [19, 1]], [[0, 0, 0, 0], [0, 0, 0, 0], [20, 0]], [[1, 1, 0, 0], [1, 0, 0, 0], [20, 1]], [[0, 0, 0, 0], [0, 0, 0, 0], [21, 0]], [[1, 0, 0, 0], [1, 1, 0, 1], [21, 1]], [[0, 0, 0, 0], [0, 0, 0, 0], [22, 0]], [[1, 1, 0, 1], [1, 1, 0, 0], [22, 1]], [[0, 0, 0, 0], [0, 0, 0, 0], [23, 0]], [[1, 1, 0, 0], [0, 1, 0, 1], [23, 1]], [[0, 0, 0, 0], [0, 0, 0, 0], [24, 0]], [[0, 1, 0, 1], [0, 1, 0, 0], [24, 1]], [[0, 0, 0, 0], [0, 0, 0, 0], [25, 0]], [[0, 1, 0, 0], [0, 0, 0, 1], [25, 1]], [[0, 0, 0, 0], [0, 0, 0, 0], [26, 0]], [[0, 0, 0, 1], [0, 0, 0, 1], [26, 1]], [[0, 0, 0, 0], [0, 0, 0, 0], [27, 0]], [[0, 0, 0, 1], [0, 0, 0, 1], [27, 1]], [[0, 0, 0, 0], [0, 0, 0, 0], [28, 0]], [[0, 0, 0, 1], [0, 0, 0, 1], [28, 1]], [[0, 0, 0, 0], [0, 0, 0, 0], [29, 0]], [[0, 0, 0, 1], [0, 0, 0, 0], [29, 1]], [[0, 0, 0, 0], [0, 0, 0, 0], [30, 0]], [[0, 0, 0, 0], [0, 0, 0, 0], [30, 1]], [[0, 0, 0, 0], [None, None, None, None], [31, 0]], [[0, 0, 0, 0], [None, None, None, None], [31, 1]]]
result : {(0, 0): [0, None], (1, 0): [1, None], (2, 0): [1, 0], (3, 0): [1, 1], (4, 0): [1, 0], (5, 0): [1, 0], (6, 0): [0, 1], (7, 0): [1, 0], (8, 0): [1, 0], (8, 1): [0, None], (9, 0): [0, 1], (10, 0): [1, 1], (9, 1): [1, None], (10, 1): [1, 0], (11, 0): [1, 1], (12, 0): [1, 1], (11, 1): [1, 1], (12, 1): [1, 0], (13, 1): [1, 0], (14, 1): [0, 1], (13, 0): [1, 1], (14, 0): [1, 1], (15, 0): [1, 1], (16, 0): [1, 1], (15, 1): [1, 1], (16, 1): [1, 1], (17, 0): [1, 1], (18, 0): [1, 1], (17, 1): [1, 1], (18, 1): [1, 1], (19, 0): [1, 1], (20, 0): [1, 1], (19, 1): [1, 1], (20, 1): [1, 1], (21, 0): [1, 1], (22, 0): [1, 1], (21, 1): [1, 1], (22, 1): [1, 1], (23, 0): [1, 1], (24, 0): [1, 1], (23, 1): [1, 1], (24, 1): [1, 1], (25, 0): [1, 1], (26, 0): [1, 1], (25, 1): [1, 1], (26, 1): [1, 1], (27, 0): [1, 1], (28, 0): [1, 1], (27, 1): [1, 1], (28, 1): [1, 1], (29, 0): [1, 1], (30, 0): [1, 1], (29, 1): [1, 1], (30, 1): [1, 1], (31, 0): [1, 1], (31, 1): [1, 1]}
splitted_columns_array_final : [[0, None, None, None], [1, None, None, None], [1, 0, None, None], [1, 1, None, None], [1, 0, None, None], [1, 0, None, None], [0, 1, None, None], [1, 0, None, None], [1, 0, 0, None], [0, 1, 1, None], [1, 1, 1, 0], [1, 1, 1, 1], [1, 1, 1, 0], [1, 1, 1, 0], [1, 1, 0, 1], [1, 1, 1, 1], [1, 1, 1, 1], [1, 1, 1, 1], [1, 1, 1, 1], [1, 1, 1, 1], [1, 1, 1, 1], [1, 1, 1, 1], [1, 1, 1, 1], [1, 1, 1, 1], [1, 1, 1, 1], [1, 1, 1, 1], [1, 1, 1, 1], [1, 1, 1, 1], [1, 1, 1, 1], [1, 1, 1, 1], [1, 1, 1, 1], [1, 1, 1, 1]] 
half_adder_pairs : [[[1, 0, 0, None], [0, 1, 1, None], [1, 1, 1, 0], [8, 9, 10]]] 
exact_compressor_pairs : [[[1, 1, 1, 0], [1, 1, 1, 1], 10], [[1, 1, 1, 1], [1, 1, 1, 0], 11], [[1, 1, 1, 0], [1, 1, 1, 0], 12], [[1, 1, 1, 0], [1, 1, 0, 1], 13], [[1, 1, 0, 1], [1, 1, 1, 1], 14], [[1, 1, 1, 1], [1, 1, 1, 1], 15], [[1, 1, 1, 1], [1, 1, 1, 1], 16], [[1, 1, 1, 1], [1, 1, 1, 1], 17], [[1, 1, 1, 1], [1, 1, 1, 1], 18], [[1, 1, 1, 1], [1, 1, 1, 1], 19], [[1, 1, 1, 1], [1, 1, 1, 1], 20], [[1, 1, 1, 1], [1, 1, 1, 1], 21], [[1, 1, 1, 1], [1, 1, 1, 1], 22], [[1, 1, 1, 1], [1, 1, 1, 1], 23], [[1, 1, 1, 1], [1, 1, 1, 1], 24], [[1, 1, 1, 1], [1, 1, 1, 1], 25], [[1, 1, 1, 1], [1, 1, 1, 1], 26], [[1, 1, 1, 1], [1, 1, 1, 1], 27], [[1, 1, 1, 1], [1, 1, 1, 1], 28], [[1, 1, 1, 1], [1, 1, 1, 1], 29], [[1, 1, 1, 1], [1, 1, 1, 1], 30], [[1, 1, 1, 1], None, 31]] 
result_final{0: [0, None], 1: [1, None], 2: [1, 0], 3: [1, 1], 4: [1, 0], 5: [1, 0], 6: [0, 1], 7: [1, 0], 8: [1, 0], 9: [1, 1], 10: [1, 1], 11: [1, 1], 12: [1, 1], 13: [1, 1], 14: [1, 1], 15: [1, 1], 16: [1, 1], 17: [1, 1], 18: [1, 1], 19: [1, 1], 20: [1, 1], 21: [1, 1], 22: [1, 1], 23: [1, 1], 24: [1, 1], 25: [1, 1], 26: [1, 1], 27: [1, 1], 28: [1, 1], 29: [1, 1], 30: [1, 1], 31: [1, 1]}
Final bits : [0, 1, 1, 1, 1, 1, 1, 1, 1, 1, 1, 1, 1, 1, 1, 1, 1, 1, 1, 1, 1, 1, 1, 1, 1, 1, 1, 1, 1, 1, 1, 1]
Final bit array as int : 1111111111111111111111111111111
Final bit array as decimal : 2147483647
Length of splitted columns array : 32

Approximate in 7 8 and 9

Result Array : [[0, 0, 0, 0, 0, 0, 0, 0, 0, 0, 0, 0, 0, 0, 0, 0, 1, 1, 1, 1, 0, 1, 0, 1, 0, 0, 0, 0, 1, 1, 1, 0], [0, 0, 0, 0, 0, 0, 0, 0, 0, 0, 0, 0, 0, 0, 1, 1, 1, 1, 0, 1, 0, 1, 0, 0, 0, 0, 1, 1, 1, 0, None, None], [0, 0, 0, 0, 0, 0, 0, 0, 0, 0, 0, 0, 0, 0, 0, 0, 0, 0, 0, 0, 0, 0, 0, 0, 0, 0, 0, 0, None, None, None, None], [0, 0, 0, 0, 0, 0, 0, 0, 0, 0, 0, 0, 0, 0, 0, 0, 0, 0, 0, 0, 0, 0, 0, 0, 0, 0, None, None, None, None, None, None], [0, 0, 0, 0, 0, 0, 0, 0, 1, 1, 1, 1, 0, 1, 0, 1, 0, 0, 0, 0, 1, 1, 1, 0, None, None, None, None, None, None, None, None], [0, 0, 0, 0, 0, 0, 1, 1, 1, 1, 0, 1, 0, 1, 0, 0, 0, 0, 1, 1, 1, 0, None, None, None, None, None, None, None, None, None, None], [0, 0, 0, 0, 0, 0, 0, 0, 0, 0, 0, 0, 0, 0, 0, 0, 0, 0, 0, 0, None, None, None, None, None, None, None, None, None, None, None, None], [0, 0, 1, 1, 1, 1, 0, 1, 0, 1, 0, 0, 0, 0, 1, 1, 1, 0, None, None, None, None, None, None, None, None, None, None, None, None, None, None]]
Columns Array : [[0, None, None, None, None, None, None, None], [1, None, None, None, None, None, None, None], [1, 0, None, None, None, None, None, None], [1, 1, None, None, None, None, None, None], [0, 1, 0, None, None, None, None, None], [0, 1, 0, None, None, None, None, None], [0, 0, 0, 0, None, None, None, None], [0, 0, 0, 0, None, None, None, None], [1, 0, 0, 0, 0, None, None, None], [0, 0, 0, 0, 1, None, None, None], [1, 1, 0, 0, 1, 0, None, None], [0, 0, 0, 0, 1, 1, None, None], [1, 1, 0, 0, 0, 1, 0, None], [1, 0, 0, 0, 0, 1, 0, None], [1, 1, 0, 0, 0, 0, 0, 0], [1, 1, 0, 0, 0, 0, 0, 1], [0, 1, 0, 0, 1, 0, 0, 1], [0, 1, 0, 0, 0, 0, 0, 1], [0, 0, 0, 0, 1, 1, 0, 0], [0, 0, 0, 0, 0, 0, 0, 0], [0, 0, 0, 0, 1, 1, 0, 0], [0, 0, 0, 0, 1, 0, 0, 0], [0, 0, 0, 0, 1, 1, 0, 1], [0, 0, 0, 0, 1, 1, 0, 0], [0, 0, 0, 0, 0, 1, 0, 1], [0, 0, 0, 0, 0, 1, 0, 0], [0, 0, 0, 0, 0, 0, 0, 1], [0, 0, 0, 0, 0, 0, 0, 1], [0, 0, 0, 0, 0, 0, 0, 1], [0, 0, 0, 0, 0, 0, 0, 1], [0, 0, 0, 0, 0, 0, 0, 0], [0, 0, 0, 0, 0, 0, 0, 0]]
Splitted Columns Array : [[[0, None, None, None], [None, None, None, None]], [[1, None, None, None], [None, None, None, None]], [[1, 0, None, None], [None, None, None, None]], [[1, 1, None, None], [None, None, None, None]], [[0, 1, 0, None], [None, None, None, None]], [[0, 1, 0, None], [None, None, None, None]], [[0, 0, 0, 0], [None, None, None, None]], [[0, 0, 0, 0], [None, None, None, None]], [[1, 0, 0, 0], [0, None, None, None]], [[0, 0, 0, 0], [1, None, None, None]], [[1, 1, 0, 0], [1, 0, None, None]], [[0, 0, 0, 0], [1, 1, None, None]], [[1, 1, 0, 0], [0, 1, 0, None]], [[1, 0, 0, 0], [0, 1, 0, None]], [[1, 1, 0, 0], [0, 0, 0, 0]], [[1, 1, 0, 0], [0, 0, 0, 1]], [[0, 1, 0, 0], [1, 0, 0, 1]], [[0, 1, 0, 0], [0, 0, 0, 1]], [[0, 0, 0, 0], [1, 1, 0, 0]], [[0, 0, 0, 0], [0, 0, 0, 0]], [[0, 0, 0, 0], [1, 1, 0, 0]], [[0, 0, 0, 0], [1, 0, 0, 0]], [[0, 0, 0, 0], [1, 1, 0, 1]], [[0, 0, 0, 0], [1, 1, 0, 0]], [[0, 0, 0, 0], [0, 1, 0, 1]], [[0, 0, 0, 0], [0, 1, 0, 0]], [[0, 0, 0, 0], [0, 0, 0, 1]], [[0, 0, 0, 0], [0, 0, 0, 1]], [[0, 0, 0, 0], [0, 0, 0, 1]], [[0, 0, 0, 0], [0, 0, 0, 1]], [[0, 0, 0, 0], [0, 0, 0, 0]], [[0, 0, 0, 0], [0, 0, 0, 0]]]
[0, 1, 0, None]
[0, 0, 0, 0]
[0, 1, 0, None]
[0, 0, 0, 0]
Half Adder Pairs : [[[0, 1, 0, None], [0, 1, 0, None], [0, 0, 0, 0], [4, 0]], [[0, 1, 0, None], [0, 1, 0, None], [0, 0, 0, 0], [12, 1]]]
Exact Compressor Columns : [[[0, 0, 0, 0], [0, 0, 0, 0], [6, 0]], [[0, 0, 0, 0], [1, 0, 0, 0], [7, 0]], [[1, 0, 0, 0], [0, 0, 0, 0], [8, 0]], [[0, 0, 0, 0], [1, 1, 0, 0], [9, 0]], [[1, 1, 0, 0], [0, 0, 0, 0], [10, 0]], [[0, 0, 0, 0], [1, 1, 0, 0], [11, 0]], [[1, 1, 0, 0], [1, 0, 0, 0], [12, 0]], [[1, 0, 0, 0], [1, 1, 0, 0], [13, 0]], [[1, 1, 0, 0], [1, 1, 0, 0], [14, 0]], [[0, 0, 0, 0], [0, 0, 0, 1], [14, 1]], [[1, 1, 0, 0], [0, 1, 0, 0], [15, 0]], [[0, 0, 0, 1], [1, 0, 0, 1], [15, 1]], [[0, 1, 0, 0], [0, 1, 0, 0], [16, 0]], [[1, 0, 0, 1], [0, 0, 0, 1], [16, 1]], [[0, 1, 0, 0], [0, 0, 0, 0], [17, 0]], [[0, 0, 0, 1], [1, 1, 0, 0], [17, 1]], [[0, 0, 0, 0], [0, 0, 0, 0], [18, 0]], [[1, 1, 0, 0], [0, 0, 0, 0], [18, 1]], [[0, 0, 0, 0], [0, 0, 0, 0], [19, 0]], [[0, 0, 0, 0], [1, 1, 0, 0], [19, 1]], [[0, 0, 0, 0], [0, 0, 0, 0], [20, 0]], [[1, 1, 0, 0], [1, 0, 0, 0], [20, 1]], [[0, 0, 0, 0], [0, 0, 0, 0], [21, 0]], [[1, 0, 0, 0], [1, 1, 0, 1], [21, 1]], [[0, 0, 0, 0], [0, 0, 0, 0], [22, 0]], [[1, 1, 0, 1], [1, 1, 0, 0], [22, 1]], [[0, 0, 0, 0], [0, 0, 0, 0], [23, 0]], [[1, 1, 0, 0], [0, 1, 0, 1], [23, 1]], [[0, 0, 0, 0], [0, 0, 0, 0], [24, 0]], [[0, 1, 0, 1], [0, 1, 0, 0], [24, 1]], [[0, 0, 0, 0], [0, 0, 0, 0], [25, 0]], [[0, 1, 0, 0], [0, 0, 0, 1], [25, 1]], [[0, 0, 0, 0], [0, 0, 0, 0], [26, 0]], [[0, 0, 0, 1], [0, 0, 0, 1], [26, 1]], [[0, 0, 0, 0], [0, 0, 0, 0], [27, 0]], [[0, 0, 0, 1], [0, 0, 0, 1], [27, 1]], [[0, 0, 0, 0], [0, 0, 0, 0], [28, 0]], [[0, 0, 0, 1], [0, 0, 0, 1], [28, 1]], [[0, 0, 0, 0], [0, 0, 0, 0], [29, 0]], [[0, 0, 0, 1], [0, 0, 0, 0], [29, 1]], [[0, 0, 0, 0], [0, 0, 0, 0], [30, 0]], [[0, 0, 0, 0], [0, 0, 0, 0], [30, 1]], [[0, 0, 0, 0], [None, None, None, None], [31, 0]], [[0, 0, 0, 0], [None, None, None, None], [31, 1]]]
result : {(0, 0): [0, None], (1, 0): [1, None], (2, 0): [1, 0], (3, 0): [1, 1], (4, 0): [1, 0], (5, 0): [1, 0], (6, 0): [1, 0], (7, 0): [1, 0], (8, 0): [1, 0], (8, 1): [0, None], (9, 0): [0, 1], (10, 0): [1, 1], (9, 1): [1, None], (10, 1): [1, 0], (11, 0): [1, 1], (12, 0): [1, 1], (11, 1): [1, 1], (12, 1): [1, 0], (13, 1): [1, 0], (14, 1): [0, 1], (13, 0): [1, 1], (14, 0): [1, 1], (15, 0): [1, 1], (16, 0): [1, 1], (15, 1): [1, 1], (16, 1): [1, 1], (17, 0): [1, 1], (18, 0): [1, 1], (17, 1): [1, 1], (18, 1): [1, 1], (19, 0): [1, 1], (20, 0): [1, 1], (19, 1): [1, 1], (20, 1): [1, 1], (21, 0): [1, 1], (22, 0): [1, 1], (21, 1): [1, 1], (22, 1): [1, 1], (23, 0): [1, 1], (24, 0): [1, 1], (23, 1): [1, 1], (24, 1): [1, 1], (25, 0): [1, 1], (26, 0): [1, 1], (25, 1): [1, 1], (26, 1): [1, 1], (27, 0): [1, 1], (28, 0): [1, 1], (27, 1): [1, 1], (28, 1): [1, 1], (29, 0): [1, 1], (30, 0): [1, 1], (29, 1): [1, 1], (30, 1): [1, 1], (31, 0): [1, 1], (31, 1): [1, 1]}
splitted_columns_array_final : [[0, None, None, None], [1, None, None, None], [1, 0, None, None], [1, 1, None, None], [1, 0, None, None], [1, 0, None, None], [1, 0, None, None], [1, 0, None, None], [1, 0, 0, None], [0, 1, 1, None], [1, 1, 1, 0], [1, 1, 1, 1], [1, 1, 1, 0], [1, 1, 1, 0], [1, 1, 0, 1], [1, 1, 1, 1], [1, 1, 1, 1], [1, 1, 1, 1], [1, 1, 1, 1], [1, 1, 1, 1], [1, 1, 1, 1], [1, 1, 1, 1], [1, 1, 1, 1], [1, 1, 1, 1], [1, 1, 1, 1], [1, 1, 1, 1], [1, 1, 1, 1], [1, 1, 1, 1], [1, 1, 1, 1], [1, 1, 1, 1], [1, 1, 1, 1], [1, 1, 1, 1]] 
half_adder_pairs : [[[1, 0, 0, None], [0, 1, 1, None], [1, 1, 1, 0], [8, 9, 10]]] 
exact_compressor_pairs : [[[1, 1, 1, 0], [1, 1, 1, 1], 10], [[1, 1, 1, 1], [1, 1, 1, 0], 11], [[1, 1, 1, 0], [1, 1, 1, 0], 12], [[1, 1, 1, 0], [1, 1, 0, 1], 13], [[1, 1, 0, 1], [1, 1, 1, 1], 14], [[1, 1, 1, 1], [1, 1, 1, 1], 15], [[1, 1, 1, 1], [1, 1, 1, 1], 16], [[1, 1, 1, 1], [1, 1, 1, 1], 17], [[1, 1, 1, 1], [1, 1, 1, 1], 18], [[1, 1, 1, 1], [1, 1, 1, 1], 19], [[1, 1, 1, 1], [1, 1, 1, 1], 20], [[1, 1, 1, 1], [1, 1, 1, 1], 21], [[1, 1, 1, 1], [1, 1, 1, 1], 22], [[1, 1, 1, 1], [1, 1, 1, 1], 23], [[1, 1, 1, 1], [1, 1, 1, 1], 24], [[1, 1, 1, 1], [1, 1, 1, 1], 25], [[1, 1, 1, 1], [1, 1, 1, 1], 26], [[1, 1, 1, 1], [1, 1, 1, 1], 27], [[1, 1, 1, 1], [1, 1, 1, 1], 28], [[1, 1, 1, 1], [1, 1, 1, 1], 29], [[1, 1, 1, 1], [1, 1, 1, 1], 30], [[1, 1, 1, 1], None, 31]] 
result_final{0: [0, None], 1: [1, None], 2: [1, 0], 3: [1, 1], 4: [1, 0], 5: [1, 0], 6: [1, 0], 7: [1, 0], 8: [1, 0], 9: [1, 1], 10: [1, 1], 11: [1, 1], 12: [1, 1], 13: [1, 1], 14: [1, 1], 15: [1, 1], 16: [1, 1], 17: [1, 1], 18: [1, 1], 19: [1, 1], 20: [1, 1], 21: [1, 1], 22: [1, 1], 23: [1, 1], 24: [1, 1], 25: [1, 1], 26: [1, 1], 27: [1, 1], 28: [1, 1], 29: [1, 1], 30: [1, 1], 31: [1, 1]}
Final bits : [0, 1, 1, 1, 1, 1, 1, 1, 1, 1, 1, 1, 1, 1, 1, 1, 1, 1, 1, 1, 1, 1, 1, 1, 1, 1, 1, 1, 1, 1, 1, 1]
Final bit array as int : 1111111111111111111111111111111
Final bit array as decimal : 2147483647
Length of splitted columns array : 32


Approximate in 7 to 12 

Result Array : [[0, 0, 0, 0, 0, 0, 0, 0, 0, 0, 0, 0, 0, 0, 0, 0, 1, 1, 1, 1, 0, 1, 0, 1, 0, 0, 0, 0, 1, 1, 1, 0], [0, 0, 0, 0, 0, 0, 0, 0, 0, 0, 0, 0, 0, 0, 1, 1, 1, 1, 0, 1, 0, 1, 0, 0, 0, 0, 1, 1, 1, 0, None, None], [0, 0, 0, 0, 0, 0, 0, 0, 0, 0, 0, 0, 0, 0, 0, 0, 0, 0, 0, 0, 0, 0, 0, 0, 0, 0, 0, 0, None, None, None, None], [0, 0, 0, 0, 0, 0, 0, 0, 0, 0, 0, 0, 0, 0, 0, 0, 0, 0, 0, 0, 0, 0, 0, 0, 0, 0, None, None, None, None, None, None], [0, 0, 0, 0, 0, 0, 0, 0, 1, 1, 1, 1, 0, 1, 0, 1, 0, 0, 0, 0, 1, 1, 1, 0, None, None, None, None, None, None, None, None], [0, 0, 0, 0, 0, 0, 1, 1, 1, 1, 0, 1, 0, 1, 0, 0, 0, 0, 1, 1, 1, 0, None, None, None, None, None, None, None, None, None, None], [0, 0, 0, 0, 0, 0, 0, 0, 0, 0, 0, 0, 0, 0, 0, 0, 0, 0, 0, 0, None, None, None, None, None, None, None, None, None, None, None, None], [0, 0, 1, 1, 1, 1, 0, 1, 0, 1, 0, 0, 0, 0, 1, 1, 1, 0, None, None, None, None, None, None, None, None, None, None, None, None, None, None]]
Columns Array : [[0, None, None, None, None, None, None, None], [1, None, None, None, None, None, None, None], [1, 0, None, None, None, None, None, None], [1, 1, None, None, None, None, None, None], [0, 1, 0, None, None, None, None, None], [0, 1, 0, None, None, None, None, None], [0, 0, 0, 0, None, None, None, None], [0, 0, 0, 0, None, None, None, None], [1, 0, 0, 0, 0, None, None, None], [0, 0, 0, 0, 1, None, None, None], [1, 1, 0, 0, 1, 0, None, None], [0, 0, 0, 0, 1, 1, None, None], [1, 1, 0, 0, 0, 1, 0, None], [1, 0, 0, 0, 0, 1, 0, None], [1, 1, 0, 0, 0, 0, 0, 0], [1, 1, 0, 0, 0, 0, 0, 1], [0, 1, 0, 0, 1, 0, 0, 1], [0, 1, 0, 0, 0, 0, 0, 1], [0, 0, 0, 0, 1, 1, 0, 0], [0, 0, 0, 0, 0, 0, 0, 0], [0, 0, 0, 0, 1, 1, 0, 0], [0, 0, 0, 0, 1, 0, 0, 0], [0, 0, 0, 0, 1, 1, 0, 1], [0, 0, 0, 0, 1, 1, 0, 0], [0, 0, 0, 0, 0, 1, 0, 1], [0, 0, 0, 0, 0, 1, 0, 0], [0, 0, 0, 0, 0, 0, 0, 1], [0, 0, 0, 0, 0, 0, 0, 1], [0, 0, 0, 0, 0, 0, 0, 1], [0, 0, 0, 0, 0, 0, 0, 1], [0, 0, 0, 0, 0, 0, 0, 0], [0, 0, 0, 0, 0, 0, 0, 0]]
Splitted Columns Array : [[[0, None, None, None], [None, None, None, None]], [[1, None, None, None], [None, None, None, None]], [[1, 0, None, None], [None, None, None, None]], [[1, 1, None, None], [None, None, None, None]], [[0, 1, 0, None], [None, None, None, None]], [[0, 1, 0, None], [None, None, None, None]], [[0, 0, 0, 0], [None, None, None, None]], [[0, 0, 0, 0], [None, None, None, None]], [[1, 0, 0, 0], [0, None, None, None]], [[0, 0, 0, 0], [1, None, None, None]], [[1, 1, 0, 0], [1, 0, None, None]], [[0, 0, 0, 0], [1, 1, None, None]], [[1, 1, 0, 0], [0, 1, 0, None]], [[1, 0, 0, 0], [0, 1, 0, None]], [[1, 1, 0, 0], [0, 0, 0, 0]], [[1, 1, 0, 0], [0, 0, 0, 1]], [[0, 1, 0, 0], [1, 0, 0, 1]], [[0, 1, 0, 0], [0, 0, 0, 1]], [[0, 0, 0, 0], [1, 1, 0, 0]], [[0, 0, 0, 0], [0, 0, 0, 0]], [[0, 0, 0, 0], [1, 1, 0, 0]], [[0, 0, 0, 0], [1, 0, 0, 0]], [[0, 0, 0, 0], [1, 1, 0, 1]], [[0, 0, 0, 0], [1, 1, 0, 0]], [[0, 0, 0, 0], [0, 1, 0, 1]], [[0, 0, 0, 0], [0, 1, 0, 0]], [[0, 0, 0, 0], [0, 0, 0, 1]], [[0, 0, 0, 0], [0, 0, 0, 1]], [[0, 0, 0, 0], [0, 0, 0, 1]], [[0, 0, 0, 0], [0, 0, 0, 1]], [[0, 0, 0, 0], [0, 0, 0, 0]], [[0, 0, 0, 0], [0, 0, 0, 0]]]
[0, 1, 0, None]
[0, 0, 0, 0]
[0, 1, 0, None]
[0, 0, 0, 0]
Half Adder Pairs : [[[0, 1, 0, None], [0, 1, 0, None], [0, 0, 0, 0], [4, 0]], [[0, 1, 0, None], [0, 1, 0, None], [0, 0, 0, 0], [12, 1]]]
Exact Compressor Columns : [[[0, 0, 0, 0], [0, 0, 0, 0], [6, 0]], [[0, 0, 0, 0], [1, 0, 0, 0], [7, 0]], [[1, 0, 0, 0], [0, 0, 0, 0], [8, 0]], [[0, 0, 0, 0], [1, 1, 0, 0], [9, 0]], [[1, 1, 0, 0], [0, 0, 0, 0], [10, 0]], [[0, 0, 0, 0], [1, 1, 0, 0], [11, 0]], [[1, 1, 0, 0], [1, 0, 0, 0], [12, 0]], [[1, 0, 0, 0], [1, 1, 0, 0], [13, 0]], [[1, 1, 0, 0], [1, 1, 0, 0], [14, 0]], [[0, 0, 0, 0], [0, 0, 0, 1], [14, 1]], [[1, 1, 0, 0], [0, 1, 0, 0], [15, 0]], [[0, 0, 0, 1], [1, 0, 0, 1], [15, 1]], [[0, 1, 0, 0], [0, 1, 0, 0], [16, 0]], [[1, 0, 0, 1], [0, 0, 0, 1], [16, 1]], [[0, 1, 0, 0], [0, 0, 0, 0], [17, 0]], [[0, 0, 0, 1], [1, 1, 0, 0], [17, 1]], [[0, 0, 0, 0], [0, 0, 0, 0], [18, 0]], [[1, 1, 0, 0], [0, 0, 0, 0], [18, 1]], [[0, 0, 0, 0], [0, 0, 0, 0], [19, 0]], [[0, 0, 0, 0], [1, 1, 0, 0], [19, 1]], [[0, 0, 0, 0], [0, 0, 0, 0], [20, 0]], [[1, 1, 0, 0], [1, 0, 0, 0], [20, 1]], [[0, 0, 0, 0], [0, 0, 0, 0], [21, 0]], [[1, 0, 0, 0], [1, 1, 0, 1], [21, 1]], [[0, 0, 0, 0], [0, 0, 0, 0], [22, 0]], [[1, 1, 0, 1], [1, 1, 0, 0], [22, 1]], [[0, 0, 0, 0], [0, 0, 0, 0], [23, 0]], [[1, 1, 0, 0], [0, 1, 0, 1], [23, 1]], [[0, 0, 0, 0], [0, 0, 0, 0], [24, 0]], [[0, 1, 0, 1], [0, 1, 0, 0], [24, 1]], [[0, 0, 0, 0], [0, 0, 0, 0], [25, 0]], [[0, 1, 0, 0], [0, 0, 0, 1], [25, 1]], [[0, 0, 0, 0], [0, 0, 0, 0], [26, 0]], [[0, 0, 0, 1], [0, 0, 0, 1], [26, 1]], [[0, 0, 0, 0], [0, 0, 0, 0], [27, 0]], [[0, 0, 0, 1], [0, 0, 0, 1], [27, 1]], [[0, 0, 0, 0], [0, 0, 0, 0], [28, 0]], [[0, 0, 0, 1], [0, 0, 0, 1], [28, 1]], [[0, 0, 0, 0], [0, 0, 0, 0], [29, 0]], [[0, 0, 0, 1], [0, 0, 0, 0], [29, 1]], [[0, 0, 0, 0], [0, 0, 0, 0], [30, 0]], [[0, 0, 0, 0], [0, 0, 0, 0], [30, 1]], [[0, 0, 0, 0], [None, None, None, None], [31, 0]], [[0, 0, 0, 0], [None, None, None, None], [31, 1]]]
result : {(0, 0): [0, None], (1, 0): [1, None], (2, 0): [1, 0], (3, 0): [1, 1], (4, 0): [1, 0], (5, 0): [1, 0], (6, 0): [0, 1], (7, 0): [1, 0], (8, 0): [1, 0], (8, 1): [0, None], (9, 0): [1, 0], (9, 1): [1, None], (10, 0): [1, 0], (10, 1): [1, 0], (11, 0): [1, 0], (11, 1): [1, 1], (12, 0): [1, 1], (13, 0): [1, 1], (12, 1): [1, 0], (13, 1): [1, 0], (14, 1): [0, 1], (14, 0): [1, 1], (15, 0): [1, 1], (15, 1): [1, 1], (16, 1): [1, 1], (16, 0): [1, 1], (17, 0): [1, 1], (17, 1): [1, 1], (18, 1): [1, 1], (18, 0): [1, 1], (19, 0): [1, 1], (19, 1): [1, 1], (20, 1): [1, 1], (20, 0): [1, 1], (21, 0): [1, 1], (21, 1): [1, 1], (22, 1): [1, 1], (22, 0): [1, 1], (23, 0): [1, 1], (23, 1): [1, 1], (24, 1): [1, 1], (24, 0): [1, 1], (25, 0): [1, 1], (25, 1): [1, 1], (26, 1): [1, 1], (26, 0): [1, 1], (27, 0): [1, 1], (27, 1): [1, 1], (28, 1): [1, 1], (28, 0): [1, 1], (29, 0): [1, 1], (29, 1): [1, 1], (30, 1): [1, 1], (30, 0): [1, 1], (31, 0): [1, 1], (31, 1): [1, 1]}
splitted_columns_array_final : [[0, None, None, None], [1, None, None, None], [1, 0, None, None], [1, 1, None, None], [1, 0, None, None], [1, 0, None, None], [0, 1, None, None], [1, 0, None, None], [1, 0, 0, None], [1, 0, 1, None], [1, 0, 1, 0], [1, 0, 1, 1], [1, 1, 1, 0], [1, 1, 1, 0], [1, 1, 0, 1], [1, 1, 1, 1], [1, 1, 1, 1], [1, 1, 1, 1], [1, 1, 1, 1], [1, 1, 1, 1], [1, 1, 1, 1], [1, 1, 1, 1], [1, 1, 1, 1], [1, 1, 1, 1], [1, 1, 1, 1], [1, 1, 1, 1], [1, 1, 1, 1], [1, 1, 1, 1], [1, 1, 1, 1], [1, 1, 1, 1], [1, 1, 1, 1], [1, 1, 1, 1]] 
half_adder_pairs : [[[1, 0, 0, None], [1, 0, 1, None], [1, 0, 1, 0], [8, 9, 10]]] 
exact_compressor_pairs : [[[1, 0, 1, 0], [1, 0, 1, 1], 10], [[1, 0, 1, 1], [1, 1, 1, 0], 11], [[1, 1, 1, 0], [1, 1, 1, 0], 12], [[1, 1, 1, 0], [1, 1, 0, 1], 13], [[1, 1, 0, 1], [1, 1, 1, 1], 14], [[1, 1, 1, 1], [1, 1, 1, 1], 15], [[1, 1, 1, 1], [1, 1, 1, 1], 16], [[1, 1, 1, 1], [1, 1, 1, 1], 17], [[1, 1, 1, 1], [1, 1, 1, 1], 18], [[1, 1, 1, 1], [1, 1, 1, 1], 19], [[1, 1, 1, 1], [1, 1, 1, 1], 20], [[1, 1, 1, 1], [1, 1, 1, 1], 21], [[1, 1, 1, 1], [1, 1, 1, 1], 22], [[1, 1, 1, 1], [1, 1, 1, 1], 23], [[1, 1, 1, 1], [1, 1, 1, 1], 24], [[1, 1, 1, 1], [1, 1, 1, 1], 25], [[1, 1, 1, 1], [1, 1, 1, 1], 26], [[1, 1, 1, 1], [1, 1, 1, 1], 27], [[1, 1, 1, 1], [1, 1, 1, 1], 28], [[1, 1, 1, 1], [1, 1, 1, 1], 29], [[1, 1, 1, 1], [1, 1, 1, 1], 30], [[1, 1, 1, 1], None, 31]] 
result_final{0: [0, None], 1: [1, None], 2: [1, 0], 3: [1, 1], 4: [1, 0], 5: [1, 0], 6: [0, 1], 7: [1, 0], 8: [1, 0], 9: [1, 1], 10: [1, 1], 11: [1, 1], 12: [1, 1], 13: [1, 1], 14: [1, 1], 15: [1, 1], 16: [1, 1], 17: [1, 1], 18: [1, 1], 19: [1, 1], 20: [1, 1], 21: [1, 1], 22: [1, 1], 23: [1, 1], 24: [1, 1], 25: [1, 1], 26: [1, 1], 27: [1, 1], 28: [1, 1], 29: [1, 1], 30: [1, 1], 31: [1, 1]}
Final bits : [0, 1, 1, 1, 1, 1, 1, 1, 1, 1, 1, 1, 1, 1, 1, 1, 1, 1, 1, 1, 1, 1, 1, 1, 1, 1, 1, 1, 1, 1, 1, 1]
Final bit array as int : 1111111111111111111111111111111
Final bit array as decimal : 2147483647
Length of splitted columns array : 32


